quantities : 0.1111111111111111 0.1111111111111111 0.6666666666666666 x
types : "mile" "mile" "mile" "mile"
operators : + - * / =
n : 7
answer : 0.8888888888888888
