quantities : 0.16666666666666666 0.16666666666666666 0.08333333333333333 x
types : "pound" "pound" "pound" "pound"
operators : + - * / =
n : 7
answer : 0.4166666666666667
