quantities : 0.08333333333333333 0.3333333333333333 0.4166666666666667 x
types : "ounce" "ounce" "ounce" "weight"
operators : + - * / =
n : 7
answer : 0.8333333333333334
