quantities : 0.16666666666666666 1.1666666666666667 x
types : "cup" "cup" "cup"
operators : + - * / =
n : 5
answer : 1.3333333333333333
