quantities : 3.8333333333333335 0.16666666666666666 x
types : "mile" "mile" "mile"
operators : + - * / =
n : 5
answer : 3.6666666666666665
