quantities : 11.166666666666666 0.8333333333333334 x
types : "pound" "pound" "pound"
operators : + - * / =
n : 5
answer : 10.333333333333334
