quantities : 19.833333333333332 9.166666666666666 x
types : "mile" "mile" "mile"
operators : + - * / =
n : 5
answer : 10.666666666666666
