quantities : 0.16666666666666666 0.5 x
types : "mile" "mile" "DISTANCE"
operators : + - * / =
n : 5
answer : 0.666666666667
