quantities : 0.6666666666666666 0.5 x
types : "tablespoon" "tablespoon" "tablespoon"
operators : + - * / =
n : 5
answer : 0.166666666667
