quantities : 0.8333333333333334 0.5 x
types : "foot" "foot" "sandcastle"
operators : + - * / =
n : 5
answer : 0.333333333333
