quantities : 0.5 0.16666666666666666 x
types : "tank" "tank" "gas"
operators : + - * / =
n : 5
answer : 0.333333333333
