quantities : 0.3333333333333333 0.3333333333333333 x
types : "pound" "pound" "pound"
operators : + - * / =
n : 5
answer : 0.666666666667
