quantities : 0.6666666666666666 0.3333333333333333 x
types : "pie" "pie" "pie"
operators : + - * / =
n : 5
answer : 0.3333333333333333
