quantities : 0.16666666666666666 0.16666666666666666 0.3333333333333333 x
types : "bag" "bag" "bag" "bag"
operators : + - * / =
n : 7
answer : 0.6666666666666666
