quantities : 0.3333333333333333 0.3333333333333333 0.16666666666666666 x
types : "carton" "carton" "carton" "carton"
operators : + - * / =
n : 7
answer : 0.8333333333333334
