quantities : 0.08333333333333333 0.08333333333333333 0.6666666666666666 x
types : "mile" "mile" "mile" "mile"
operators : + - * / =
n : 7
answer : 0.8333333333333334
