quantities : 0.3333333333333333 0.3333333333333333 0.08333333333333333 x
types : "mile" "mile" "mile" "mile"
operators : + - * / =
n : 7
answer : 0.75
