quantities : 0.16666666666666666 0.3333333333333333 0.16666666666666666 x
types : "truck-load" "truck-load" "truck-load" "truck-load"
operators : + - * / =
n : 7
answer : 0.6666666666666666
