quantities : 2.8333333333333335 2.8333333333333335 x
types : "pound" "pound" "pound"
operators : + - * / =
n : 5
answer : 5.666666666666667
