quantities : 2.6666666666666665 2.6666666666666665 x
types : "bottle" "bottle" "soda"
operators : + - * / =
n : 5
answer : 5.333333333333333
