quantities : 1 2.3333333333333335 x
types : "foot" "foot" "foot"
operators : + - * / =
n : 5
answer : 1.3333333333333333
